2022/06/12-16:37:29.975207 70000a2d3000 RocksDB version: 6.20.3
2022/06/12-16:37:29.976331 70000a2d3000 Git sha 8608d75d85f8e1b3b64b73a4fb6d19baec61ba5c
2022/06/12-16:37:29.976334 70000a2d3000 Compile date 2021-05-05 20:35:30
2022/06/12-16:37:29.976373 70000a2d3000 DB SUMMARY
2022/06/12-16:37:29.976376 70000a2d3000 DB Session ID:  ZML32RQ4HIRZRCTLJOHF
2022/06/12-16:37:29.976445 70000a2d3000 SST files in test_db dir, Total Num: 0, files: 
2022/06/12-16:37:29.976448 70000a2d3000 Write Ahead Log file in test_db: 
2022/06/12-16:37:29.976450 70000a2d3000                         Options.error_if_exists: 0
2022/06/12-16:37:29.976451 70000a2d3000                       Options.create_if_missing: 1
2022/06/12-16:37:29.976452 70000a2d3000                         Options.paranoid_checks: 1
2022/06/12-16:37:29.976453 70000a2d3000                               Options.track_and_verify_wals_in_manifest: 0
2022/06/12-16:37:29.976454 70000a2d3000                                     Options.env: 0x1031cbf18
2022/06/12-16:37:29.976456 70000a2d3000                                      Options.fs: Posix File System
2022/06/12-16:37:29.976457 70000a2d3000                                Options.info_log: 0x600003094370
2022/06/12-16:37:29.976458 70000a2d3000                Options.max_file_opening_threads: 16
2022/06/12-16:37:29.976459 70000a2d3000                              Options.statistics: 0x0
2022/06/12-16:37:29.976460 70000a2d3000                               Options.use_fsync: 0
2022/06/12-16:37:29.976461 70000a2d3000                       Options.max_log_file_size: 0
2022/06/12-16:37:29.976462 70000a2d3000                  Options.max_manifest_file_size: 1073741824
2022/06/12-16:37:29.976463 70000a2d3000                   Options.log_file_time_to_roll: 0
2022/06/12-16:37:29.976463 70000a2d3000                       Options.keep_log_file_num: 1000
2022/06/12-16:37:29.976464 70000a2d3000                    Options.recycle_log_file_num: 0
2022/06/12-16:37:29.976465 70000a2d3000                         Options.allow_fallocate: 1
2022/06/12-16:37:29.976466 70000a2d3000                        Options.allow_mmap_reads: 0
2022/06/12-16:37:29.976467 70000a2d3000                       Options.allow_mmap_writes: 0
2022/06/12-16:37:29.976468 70000a2d3000                        Options.use_direct_reads: 0
2022/06/12-16:37:29.976469 70000a2d3000                        Options.use_direct_io_for_flush_and_compaction: 0
2022/06/12-16:37:29.976470 70000a2d3000          Options.create_missing_column_families: 0
2022/06/12-16:37:29.976471 70000a2d3000                              Options.db_log_dir: 
2022/06/12-16:37:29.976472 70000a2d3000                                 Options.wal_dir: test_db
2022/06/12-16:37:29.976473 70000a2d3000                Options.table_cache_numshardbits: 6
2022/06/12-16:37:29.976474 70000a2d3000                         Options.WAL_ttl_seconds: 0
2022/06/12-16:37:29.976475 70000a2d3000                       Options.WAL_size_limit_MB: 0
2022/06/12-16:37:29.976476 70000a2d3000                        Options.max_write_batch_group_size_bytes: 1048576
2022/06/12-16:37:29.976477 70000a2d3000             Options.manifest_preallocation_size: 4194304
2022/06/12-16:37:29.976478 70000a2d3000                     Options.is_fd_close_on_exec: 1
2022/06/12-16:37:29.976479 70000a2d3000                   Options.advise_random_on_open: 1
2022/06/12-16:37:29.976480 70000a2d3000                    Options.db_write_buffer_size: 0
2022/06/12-16:37:29.976481 70000a2d3000                    Options.write_buffer_manager: 0x600001d92d60
2022/06/12-16:37:29.976481 70000a2d3000         Options.access_hint_on_compaction_start: 1
2022/06/12-16:37:29.976482 70000a2d3000  Options.new_table_reader_for_compaction_inputs: 0
2022/06/12-16:37:29.976483 70000a2d3000           Options.random_access_max_buffer_size: 1048576
2022/06/12-16:37:29.976484 70000a2d3000                      Options.use_adaptive_mutex: 0
2022/06/12-16:37:29.976485 70000a2d3000                            Options.rate_limiter: 0x0
2022/06/12-16:37:29.976489 70000a2d3000     Options.sst_file_manager.rate_bytes_per_sec: 0
2022/06/12-16:37:29.976490 70000a2d3000                       Options.wal_recovery_mode: 2
2022/06/12-16:37:29.976516 70000a2d3000                  Options.enable_thread_tracking: 0
2022/06/12-16:37:29.976518 70000a2d3000                  Options.enable_pipelined_write: 0
2022/06/12-16:37:29.976519 70000a2d3000                  Options.unordered_write: 0
2022/06/12-16:37:29.976520 70000a2d3000         Options.allow_concurrent_memtable_write: 1
2022/06/12-16:37:29.976521 70000a2d3000      Options.enable_write_thread_adaptive_yield: 1
2022/06/12-16:37:29.976522 70000a2d3000             Options.write_thread_max_yield_usec: 100
2022/06/12-16:37:29.976523 70000a2d3000            Options.write_thread_slow_yield_usec: 3
2022/06/12-16:37:29.976524 70000a2d3000                               Options.row_cache: None
2022/06/12-16:37:29.976525 70000a2d3000                              Options.wal_filter: None
2022/06/12-16:37:29.976526 70000a2d3000             Options.avoid_flush_during_recovery: 0
2022/06/12-16:37:29.976527 70000a2d3000             Options.allow_ingest_behind: 0
2022/06/12-16:37:29.976528 70000a2d3000             Options.preserve_deletes: 0
2022/06/12-16:37:29.976529 70000a2d3000             Options.two_write_queues: 0
2022/06/12-16:37:29.976530 70000a2d3000             Options.manual_wal_flush: 0
2022/06/12-16:37:29.976531 70000a2d3000             Options.atomic_flush: 0
2022/06/12-16:37:29.976531 70000a2d3000             Options.avoid_unnecessary_blocking_io: 0
2022/06/12-16:37:29.976532 70000a2d3000                 Options.persist_stats_to_disk: 0
2022/06/12-16:37:29.976534 70000a2d3000                 Options.write_dbid_to_manifest: 0
2022/06/12-16:37:29.976534 70000a2d3000                 Options.log_readahead_size: 0
2022/06/12-16:37:29.976535 70000a2d3000                 Options.file_checksum_gen_factory: Unknown
2022/06/12-16:37:29.976538 70000a2d3000                 Options.best_efforts_recovery: 0
2022/06/12-16:37:29.976539 70000a2d3000                Options.max_bgerror_resume_count: 2147483647
2022/06/12-16:37:29.976540 70000a2d3000            Options.bgerror_resume_retry_interval: 1000000
2022/06/12-16:37:29.976541 70000a2d3000             Options.allow_data_in_errors: 0
2022/06/12-16:37:29.976542 70000a2d3000             Options.db_host_id: __hostname__
2022/06/12-16:37:29.976543 70000a2d3000             Options.max_background_jobs: 2
2022/06/12-16:37:29.976544 70000a2d3000             Options.max_background_compactions: -1
2022/06/12-16:37:29.976545 70000a2d3000             Options.max_subcompactions: 1
2022/06/12-16:37:29.976546 70000a2d3000             Options.avoid_flush_during_shutdown: 0
2022/06/12-16:37:29.976547 70000a2d3000           Options.writable_file_max_buffer_size: 1048576
2022/06/12-16:37:29.976548 70000a2d3000             Options.delayed_write_rate : 16777216
2022/06/12-16:37:29.976549 70000a2d3000             Options.max_total_wal_size: 0
2022/06/12-16:37:29.976550 70000a2d3000             Options.delete_obsolete_files_period_micros: 21600000000
2022/06/12-16:37:29.976551 70000a2d3000                   Options.stats_dump_period_sec: 600
2022/06/12-16:37:29.976552 70000a2d3000                 Options.stats_persist_period_sec: 600
2022/06/12-16:37:29.976553 70000a2d3000                 Options.stats_history_buffer_size: 1048576
2022/06/12-16:37:29.976554 70000a2d3000                          Options.max_open_files: -1
2022/06/12-16:37:29.976555 70000a2d3000                          Options.bytes_per_sync: 0
2022/06/12-16:37:29.976556 70000a2d3000                      Options.wal_bytes_per_sync: 0
2022/06/12-16:37:29.976557 70000a2d3000                   Options.strict_bytes_per_sync: 0
2022/06/12-16:37:29.976558 70000a2d3000       Options.compaction_readahead_size: 0
2022/06/12-16:37:29.976559 70000a2d3000                  Options.max_background_flushes: -1
2022/06/12-16:37:29.976560 70000a2d3000 Compression algorithms supported:
2022/06/12-16:37:29.976566 70000a2d3000 	kZSTD supported: 1
2022/06/12-16:37:29.976568 70000a2d3000 	kZlibCompression supported: 1
2022/06/12-16:37:29.976569 70000a2d3000 	kXpressCompression supported: 0
2022/06/12-16:37:29.976586 70000a2d3000 	kSnappyCompression supported: 1
2022/06/12-16:37:29.976589 70000a2d3000 	kZSTDNotFinalCompression supported: 1
2022/06/12-16:37:29.976591 70000a2d3000 	kLZ4HCCompression supported: 1
2022/06/12-16:37:29.976592 70000a2d3000 	kLZ4Compression supported: 1
2022/06/12-16:37:29.976593 70000a2d3000 	kBZip2Compression supported: 1
2022/06/12-16:37:29.976595 70000a2d3000 Fast CRC32 supported: Not supported on x86
2022/06/12-16:37:29.977216 70000a2d3000 [db/db_impl/db_impl_open.cc:285] Creating manifest 1 
2022/06/12-16:37:29.978167 70000a2d3000 [db/version_set.cc:4627] Recovering from manifest file: test_db/MANIFEST-000001
2022/06/12-16:37:29.978346 70000a2d3000 [db/column_family.cc:598] --------------- Options for column family [default]:
2022/06/12-16:37:29.978355 70000a2d3000               Options.comparator: leveldb.BytewiseComparator
2022/06/12-16:37:29.978356 70000a2d3000           Options.merge_operator: None
2022/06/12-16:37:29.978357 70000a2d3000        Options.compaction_filter: None
2022/06/12-16:37:29.978358 70000a2d3000        Options.compaction_filter_factory: None
2022/06/12-16:37:29.978359 70000a2d3000  Options.sst_partitioner_factory: None
2022/06/12-16:37:29.978360 70000a2d3000         Options.memtable_factory: SkipListFactory
2022/06/12-16:37:29.978361 70000a2d3000            Options.table_factory: BlockBasedTable
2022/06/12-16:37:29.978382 70000a2d3000            table_factory options:   flush_block_policy_factory: FlushBlockBySizePolicyFactory (0x600001190160)
  cache_index_and_filter_blocks: 0
  cache_index_and_filter_blocks_with_high_priority: 1
  pin_l0_filter_and_index_blocks_in_cache: 0
  pin_top_level_index_and_filter: 1
  index_type: 0
  data_block_index_type: 0
  index_shortening: 1
  data_block_hash_table_util_ratio: 0.750000
  hash_index_allow_collision: 1
  checksum: 1
  no_block_cache: 0
  block_cache: 0x600002294658
  block_cache_name: LRUCache
  block_cache_options:
    capacity : 8388608
    num_shard_bits : 4
    strict_capacity_limit : 0
    memory_allocator : None
    high_pri_pool_ratio: 0.000
  block_cache_compressed: 0x0
  persistent_cache: 0x0
  block_size: 4096
  block_size_deviation: 10
  block_restart_interval: 16
  index_block_restart_interval: 1
  metadata_block_size: 4096
  partition_filters: 0
  use_delta_encoding: 1
  filter_policy: nullptr
  whole_key_filtering: 1
  verify_compression: 0
  read_amp_bytes_per_bit: 0
  format_version: 5
  enable_index_compression: 1
  block_align: 0
2022/06/12-16:37:29.978386 70000a2d3000        Options.write_buffer_size: 67108864
2022/06/12-16:37:29.978387 70000a2d3000  Options.max_write_buffer_number: 2
2022/06/12-16:37:29.978389 70000a2d3000          Options.compression: Snappy
2022/06/12-16:37:29.978390 70000a2d3000                  Options.bottommost_compression: Disabled
2022/06/12-16:37:29.978393 70000a2d3000       Options.prefix_extractor: nullptr
2022/06/12-16:37:29.978394 70000a2d3000   Options.memtable_insert_with_hint_prefix_extractor: nullptr
2022/06/12-16:37:29.978395 70000a2d3000             Options.num_levels: 7
2022/06/12-16:37:29.978396 70000a2d3000        Options.min_write_buffer_number_to_merge: 1
2022/06/12-16:37:29.978397 70000a2d3000     Options.max_write_buffer_number_to_maintain: 0
2022/06/12-16:37:29.978398 70000a2d3000     Options.max_write_buffer_size_to_maintain: 0
2022/06/12-16:37:29.978398 70000a2d3000            Options.bottommost_compression_opts.window_bits: -14
2022/06/12-16:37:29.978399 70000a2d3000                  Options.bottommost_compression_opts.level: 32767
2022/06/12-16:37:29.978400 70000a2d3000               Options.bottommost_compression_opts.strategy: 0
2022/06/12-16:37:29.978401 70000a2d3000         Options.bottommost_compression_opts.max_dict_bytes: 0
2022/06/12-16:37:29.978402 70000a2d3000         Options.bottommost_compression_opts.zstd_max_train_bytes: 0
2022/06/12-16:37:29.978403 70000a2d3000         Options.bottommost_compression_opts.parallel_threads: 1
2022/06/12-16:37:29.978404 70000a2d3000                  Options.bottommost_compression_opts.enabled: false
2022/06/12-16:37:29.978442 70000a2d3000         Options.bottommost_compression_opts.max_dict_buffer_bytes: 0
2022/06/12-16:37:29.978444 70000a2d3000            Options.compression_opts.window_bits: -14
2022/06/12-16:37:29.978445 70000a2d3000                  Options.compression_opts.level: 32767
2022/06/12-16:37:29.978446 70000a2d3000               Options.compression_opts.strategy: 0
2022/06/12-16:37:29.978447 70000a2d3000         Options.compression_opts.max_dict_bytes: 0
2022/06/12-16:37:29.978448 70000a2d3000         Options.compression_opts.zstd_max_train_bytes: 0
2022/06/12-16:37:29.978449 70000a2d3000         Options.compression_opts.parallel_threads: 1
2022/06/12-16:37:29.978450 70000a2d3000                  Options.compression_opts.enabled: false
2022/06/12-16:37:29.978451 70000a2d3000         Options.compression_opts.max_dict_buffer_bytes: 0
2022/06/12-16:37:29.978452 70000a2d3000      Options.level0_file_num_compaction_trigger: 4
2022/06/12-16:37:29.978453 70000a2d3000          Options.level0_slowdown_writes_trigger: 20
2022/06/12-16:37:29.978454 70000a2d3000              Options.level0_stop_writes_trigger: 36
2022/06/12-16:37:29.978455 70000a2d3000                   Options.target_file_size_base: 67108864
2022/06/12-16:37:29.978456 70000a2d3000             Options.target_file_size_multiplier: 1
2022/06/12-16:37:29.978457 70000a2d3000                Options.max_bytes_for_level_base: 268435456
2022/06/12-16:37:29.978458 70000a2d3000 Options.level_compaction_dynamic_level_bytes: 0
2022/06/12-16:37:29.978459 70000a2d3000          Options.max_bytes_for_level_multiplier: 10.000000
2022/06/12-16:37:29.978461 70000a2d3000 Options.max_bytes_for_level_multiplier_addtl[0]: 1
2022/06/12-16:37:29.978462 70000a2d3000 Options.max_bytes_for_level_multiplier_addtl[1]: 1
2022/06/12-16:37:29.978463 70000a2d3000 Options.max_bytes_for_level_multiplier_addtl[2]: 1
2022/06/12-16:37:29.978464 70000a2d3000 Options.max_bytes_for_level_multiplier_addtl[3]: 1
2022/06/12-16:37:29.978465 70000a2d3000 Options.max_bytes_for_level_multiplier_addtl[4]: 1
2022/06/12-16:37:29.978466 70000a2d3000 Options.max_bytes_for_level_multiplier_addtl[5]: 1
2022/06/12-16:37:29.978467 70000a2d3000 Options.max_bytes_for_level_multiplier_addtl[6]: 1
2022/06/12-16:37:29.978468 70000a2d3000       Options.max_sequential_skip_in_iterations: 8
2022/06/12-16:37:29.978468 70000a2d3000                    Options.max_compaction_bytes: 1677721600
2022/06/12-16:37:29.978469 70000a2d3000                        Options.arena_block_size: 8388608
2022/06/12-16:37:29.978470 70000a2d3000   Options.soft_pending_compaction_bytes_limit: 68719476736
2022/06/12-16:37:29.978471 70000a2d3000   Options.hard_pending_compaction_bytes_limit: 274877906944
2022/06/12-16:37:29.978472 70000a2d3000       Options.rate_limit_delay_max_milliseconds: 100
2022/06/12-16:37:29.978473 70000a2d3000                Options.disable_auto_compactions: 0
2022/06/12-16:37:29.978475 70000a2d3000                        Options.compaction_style: kCompactionStyleLevel
2022/06/12-16:37:29.978480 70000a2d3000                          Options.compaction_pri: kMinOverlappingRatio
2022/06/12-16:37:29.978481 70000a2d3000 Options.compaction_options_universal.size_ratio: 1
2022/06/12-16:37:29.978482 70000a2d3000 Options.compaction_options_universal.min_merge_width: 2
2022/06/12-16:37:29.978483 70000a2d3000 Options.compaction_options_universal.max_merge_width: 4294967295
2022/06/12-16:37:29.978483 70000a2d3000 Options.compaction_options_universal.max_size_amplification_percent: 200
2022/06/12-16:37:29.978484 70000a2d3000 Options.compaction_options_universal.compression_size_percent: -1
2022/06/12-16:37:29.978486 70000a2d3000 Options.compaction_options_universal.stop_style: kCompactionStopStyleTotalSize
2022/06/12-16:37:29.978487 70000a2d3000 Options.compaction_options_fifo.max_table_files_size: 1073741824
2022/06/12-16:37:29.978488 70000a2d3000 Options.compaction_options_fifo.allow_compaction: 0
2022/06/12-16:37:29.978494 70000a2d3000                   Options.table_properties_collectors: 
2022/06/12-16:37:29.978496 70000a2d3000                   Options.inplace_update_support: 0
2022/06/12-16:37:29.978511 70000a2d3000                 Options.inplace_update_num_locks: 10000
2022/06/12-16:37:29.978512 70000a2d3000               Options.memtable_prefix_bloom_size_ratio: 0.000000
2022/06/12-16:37:29.978513 70000a2d3000               Options.memtable_whole_key_filtering: 0
2022/06/12-16:37:29.978514 70000a2d3000   Options.memtable_huge_page_size: 0
2022/06/12-16:37:29.978515 70000a2d3000                           Options.bloom_locality: 0
2022/06/12-16:37:29.978516 70000a2d3000                    Options.max_successive_merges: 0
2022/06/12-16:37:29.978517 70000a2d3000                Options.optimize_filters_for_hits: 0
2022/06/12-16:37:29.978518 70000a2d3000                Options.paranoid_file_checks: 0
2022/06/12-16:37:29.978519 70000a2d3000                Options.force_consistency_checks: 1
2022/06/12-16:37:29.978520 70000a2d3000                Options.report_bg_io_stats: 0
2022/06/12-16:37:29.978521 70000a2d3000                               Options.ttl: 2592000
2022/06/12-16:37:29.978522 70000a2d3000          Options.periodic_compaction_seconds: 0
2022/06/12-16:37:29.978522 70000a2d3000                    Options.enable_blob_files: false
2022/06/12-16:37:29.978523 70000a2d3000                        Options.min_blob_size: 0
2022/06/12-16:37:29.978524 70000a2d3000                       Options.blob_file_size: 268435456
2022/06/12-16:37:29.978525 70000a2d3000                Options.blob_compression_type: NoCompression
2022/06/12-16:37:29.978526 70000a2d3000       Options.enable_blob_garbage_collection: false
2022/06/12-16:37:29.978527 70000a2d3000   Options.blob_garbage_collection_age_cutoff: 0.250000
2022/06/12-16:37:29.979658 70000a2d3000 [db/version_set.cc:4675] Recovered from manifest file:test_db/MANIFEST-000001 succeeded,manifest_file_number is 1, next_file_number is 3, last_sequence is 0, log_number is 0,prev_log_number is 0,max_column_family is 0,min_log_number_to_keep is 0
2022/06/12-16:37:29.979666 70000a2d3000 [db/version_set.cc:4684] Column family [default] (ID 0), log number is 0
2022/06/12-16:37:29.979926 70000a2d3000 [db/version_set.cc:4119] Creating manifest 4
2022/06/12-16:37:29.984568 70000a2d3000 [db/db_impl/db_impl_open.cc:1757] SstFileManager instance 0x7f78817077d0
2022/06/12-16:37:29.984620 70000a2d3000 DB pointer 0x7f7881835200
2022/06/12-16:37:29.984882 70000b677000 [db/db_impl/db_impl.cc:932] ------- DUMPING STATS -------
2022/06/12-16:37:29.984918 70000b677000 [db/db_impl/db_impl.cc:933] 
** DB Stats **
Uptime(secs): 0.0 total, 0.0 interval
Cumulative writes: 0 writes, 0 keys, 0 commit groups, 0.0 writes per commit group, ingest: 0.00 GB, 0.00 MB/s
Cumulative WAL: 0 writes, 0 syncs, 0.00 writes per sync, written: 0.00 GB, 0.00 MB/s
Cumulative stall: 00:00:0.000 H:M:S, 0.0 percent
Interval writes: 0 writes, 0 keys, 0 commit groups, 0.0 writes per commit group, ingest: 0.00 MB, 0.00 MB/s
Interval WAL: 0 writes, 0 syncs, 0.00 writes per sync, written: 0.00 MB, 0.00 MB/s
Interval stall: 00:00:0.000 H:M:S, 0.0 percent

** Compaction Stats [default] **
Level    Files   Size     Score Read(GB)  Rn(GB) Rnp1(GB) Write(GB) Wnew(GB) Moved(GB) W-Amp Rd(MB/s) Wr(MB/s) Comp(sec) CompMergeCPU(sec) Comp(cnt) Avg(sec) KeyIn KeyDrop Rblob(GB) Wblob(GB)
------------------------------------------------------------------------------------------------------------------------------------------------------------------------------------------------
 Sum      0/0    0.00 KB   0.0      0.0     0.0      0.0       0.0      0.0       0.0   0.0      0.0      0.0      0.00              0.00         0    0.000       0      0       0.0       0.0
 Int      0/0    0.00 KB   0.0      0.0     0.0      0.0       0.0      0.0       0.0   0.0      0.0      0.0      0.00              0.00         0    0.000       0      0       0.0       0.0

** Compaction Stats [default] **
Priority    Files   Size     Score Read(GB)  Rn(GB) Rnp1(GB) Write(GB) Wnew(GB) Moved(GB) W-Amp Rd(MB/s) Wr(MB/s) Comp(sec) CompMergeCPU(sec) Comp(cnt) Avg(sec) KeyIn KeyDrop Rblob(GB) Wblob(GB)
---------------------------------------------------------------------------------------------------------------------------------------------------------------------------------------------------

Blob file count: 0, total size: 0.0 GB

Uptime(secs): 0.0 total, 0.0 interval
Flush(GB): cumulative 0.000, interval 0.000
AddFile(GB): cumulative 0.000, interval 0.000
AddFile(Total Files): cumulative 0, interval 0
AddFile(L0 Files): cumulative 0, interval 0
AddFile(Keys): cumulative 0, interval 0
Cumulative compaction: 0.00 GB write, 0.00 MB/s write, 0.00 GB read, 0.00 MB/s read, 0.0 seconds
Interval compaction: 0.00 GB write, 0.00 MB/s write, 0.00 GB read, 0.00 MB/s read, 0.0 seconds
Stalls(count): 0 level0_slowdown, 0 level0_slowdown_with_compaction, 0 level0_numfiles, 0 level0_numfiles_with_compaction, 0 stop for pending_compaction_bytes, 0 slowdown for pending_compaction_bytes, 0 memtable_compaction, 0 memtable_slowdown, interval 0 total count

** File Read Latency Histogram By Level [default] **

** Compaction Stats [default] **
Level    Files   Size     Score Read(GB)  Rn(GB) Rnp1(GB) Write(GB) Wnew(GB) Moved(GB) W-Amp Rd(MB/s) Wr(MB/s) Comp(sec) CompMergeCPU(sec) Comp(cnt) Avg(sec) KeyIn KeyDrop Rblob(GB) Wblob(GB)
------------------------------------------------------------------------------------------------------------------------------------------------------------------------------------------------
 Sum      0/0    0.00 KB   0.0      0.0     0.0      0.0       0.0      0.0       0.0   0.0      0.0      0.0      0.00              0.00         0    0.000       0      0       0.0       0.0
 Int      0/0    0.00 KB   0.0      0.0     0.0      0.0       0.0      0.0       0.0   0.0      0.0      0.0      0.00              0.00         0    0.000       0      0       0.0       0.0

** Compaction Stats [default] **
Priority    Files   Size     Score Read(GB)  Rn(GB) Rnp1(GB) Write(GB) Wnew(GB) Moved(GB) W-Amp Rd(MB/s) Wr(MB/s) Comp(sec) CompMergeCPU(sec) Comp(cnt) Avg(sec) KeyIn KeyDrop Rblob(GB) Wblob(GB)
---------------------------------------------------------------------------------------------------------------------------------------------------------------------------------------------------

Blob file count: 0, total size: 0.0 GB

Uptime(secs): 0.0 total, 0.0 interval
Flush(GB): cumulative 0.000, interval 0.000
AddFile(GB): cumulative 0.000, interval 0.000
AddFile(Total Files): cumulative 0, interval 0
AddFile(L0 Files): cumulative 0, interval 0
AddFile(Keys): cumulative 0, interval 0
Cumulative compaction: 0.00 GB write, 0.00 MB/s write, 0.00 GB read, 0.00 MB/s read, 0.0 seconds
Interval compaction: 0.00 GB write, 0.00 MB/s write, 0.00 GB read, 0.00 MB/s read, 0.0 seconds
Stalls(count): 0 level0_slowdown, 0 level0_slowdown_with_compaction, 0 level0_numfiles, 0 level0_numfiles_with_compaction, 0 stop for pending_compaction_bytes, 0 slowdown for pending_compaction_bytes, 0 memtable_compaction, 0 memtable_slowdown, interval 0 total count

** File Read Latency Histogram By Level [default] **
