2022/06/15-22:14:43.895519 7000086b3000 RocksDB version: 6.20.3
2022/06/15-22:14:43.902123 7000086b3000 Git sha 8608d75d85f8e1b3b64b73a4fb6d19baec61ba5c
2022/06/15-22:14:43.902127 7000086b3000 Compile date 2021-05-05 20:35:30
2022/06/15-22:14:43.902167 7000086b3000 DB SUMMARY
2022/06/15-22:14:43.902171 7000086b3000 DB Session ID:  MWAG9VFUHKGSK7N6T20G
2022/06/15-22:14:43.902465 7000086b3000 CURRENT file:  CURRENT
2022/06/15-22:14:43.902472 7000086b3000 IDENTITY file:  IDENTITY
2022/06/15-22:14:43.902480 7000086b3000 MANIFEST file:  MANIFEST-000010 size: 178 Bytes
2022/06/15-22:14:43.902484 7000086b3000 SST files in test_db dir, Total Num: 1, files: 000009.sst 
2022/06/15-22:14:43.902486 7000086b3000 Write Ahead Log file in test_db: 000011.log size: 140 ; 
2022/06/15-22:14:43.902489 7000086b3000                         Options.error_if_exists: 0
2022/06/15-22:14:43.902490 7000086b3000                       Options.create_if_missing: 1
2022/06/15-22:14:43.902491 7000086b3000                         Options.paranoid_checks: 1
2022/06/15-22:14:43.902492 7000086b3000                               Options.track_and_verify_wals_in_manifest: 0
2022/06/15-22:14:43.902493 7000086b3000                                     Options.env: 0x105b42f48
2022/06/15-22:14:43.902495 7000086b3000                                      Options.fs: Posix File System
2022/06/15-22:14:43.902496 7000086b3000                                Options.info_log: 0x600000db0000
2022/06/15-22:14:43.902497 7000086b3000                Options.max_file_opening_threads: 16
2022/06/15-22:14:43.902498 7000086b3000                              Options.statistics: 0x0
2022/06/15-22:14:43.902499 7000086b3000                               Options.use_fsync: 0
2022/06/15-22:14:43.902500 7000086b3000                       Options.max_log_file_size: 0
2022/06/15-22:14:43.902501 7000086b3000                  Options.max_manifest_file_size: 1073741824
2022/06/15-22:14:43.902502 7000086b3000                   Options.log_file_time_to_roll: 0
2022/06/15-22:14:43.902503 7000086b3000                       Options.keep_log_file_num: 1000
2022/06/15-22:14:43.902504 7000086b3000                    Options.recycle_log_file_num: 0
2022/06/15-22:14:43.902504 7000086b3000                         Options.allow_fallocate: 1
2022/06/15-22:14:43.902505 7000086b3000                        Options.allow_mmap_reads: 0
2022/06/15-22:14:43.902506 7000086b3000                       Options.allow_mmap_writes: 0
2022/06/15-22:14:43.902507 7000086b3000                        Options.use_direct_reads: 0
2022/06/15-22:14:43.902508 7000086b3000                        Options.use_direct_io_for_flush_and_compaction: 0
2022/06/15-22:14:43.902509 7000086b3000          Options.create_missing_column_families: 0
2022/06/15-22:14:43.902510 7000086b3000                              Options.db_log_dir: 
2022/06/15-22:14:43.902511 7000086b3000                                 Options.wal_dir: test_db
2022/06/15-22:14:43.902512 7000086b3000                Options.table_cache_numshardbits: 6
2022/06/15-22:14:43.902513 7000086b3000                         Options.WAL_ttl_seconds: 0
2022/06/15-22:14:43.902514 7000086b3000                       Options.WAL_size_limit_MB: 0
2022/06/15-22:14:43.902515 7000086b3000                        Options.max_write_batch_group_size_bytes: 1048576
2022/06/15-22:14:43.902516 7000086b3000             Options.manifest_preallocation_size: 4194304
2022/06/15-22:14:43.902517 7000086b3000                     Options.is_fd_close_on_exec: 1
2022/06/15-22:14:43.902518 7000086b3000                   Options.advise_random_on_open: 1
2022/06/15-22:14:43.902519 7000086b3000                    Options.db_write_buffer_size: 0
2022/06/15-22:14:43.902520 7000086b3000                    Options.write_buffer_manager: 0x6000020b02d0
2022/06/15-22:14:43.902520 7000086b3000         Options.access_hint_on_compaction_start: 1
2022/06/15-22:14:43.902521 7000086b3000  Options.new_table_reader_for_compaction_inputs: 0
2022/06/15-22:14:43.902522 7000086b3000           Options.random_access_max_buffer_size: 1048576
2022/06/15-22:14:43.902523 7000086b3000                      Options.use_adaptive_mutex: 0
2022/06/15-22:14:43.902567 7000086b3000                            Options.rate_limiter: 0x0
2022/06/15-22:14:43.902573 7000086b3000     Options.sst_file_manager.rate_bytes_per_sec: 0
2022/06/15-22:14:43.902574 7000086b3000                       Options.wal_recovery_mode: 2
2022/06/15-22:14:43.902575 7000086b3000                  Options.enable_thread_tracking: 0
2022/06/15-22:14:43.902576 7000086b3000                  Options.enable_pipelined_write: 0
2022/06/15-22:14:43.902577 7000086b3000                  Options.unordered_write: 0
2022/06/15-22:14:43.902578 7000086b3000         Options.allow_concurrent_memtable_write: 1
2022/06/15-22:14:43.902579 7000086b3000      Options.enable_write_thread_adaptive_yield: 1
2022/06/15-22:14:43.902580 7000086b3000             Options.write_thread_max_yield_usec: 100
2022/06/15-22:14:43.902581 7000086b3000            Options.write_thread_slow_yield_usec: 3
2022/06/15-22:14:43.902582 7000086b3000                               Options.row_cache: None
2022/06/15-22:14:43.902583 7000086b3000                              Options.wal_filter: None
2022/06/15-22:14:43.902584 7000086b3000             Options.avoid_flush_during_recovery: 0
2022/06/15-22:14:43.902585 7000086b3000             Options.allow_ingest_behind: 0
2022/06/15-22:14:43.902585 7000086b3000             Options.preserve_deletes: 0
2022/06/15-22:14:43.902586 7000086b3000             Options.two_write_queues: 0
2022/06/15-22:14:43.902587 7000086b3000             Options.manual_wal_flush: 0
2022/06/15-22:14:43.902588 7000086b3000             Options.atomic_flush: 0
2022/06/15-22:14:43.902589 7000086b3000             Options.avoid_unnecessary_blocking_io: 0
2022/06/15-22:14:43.902590 7000086b3000                 Options.persist_stats_to_disk: 0
2022/06/15-22:14:43.902591 7000086b3000                 Options.write_dbid_to_manifest: 0
2022/06/15-22:14:43.902592 7000086b3000                 Options.log_readahead_size: 0
2022/06/15-22:14:43.902593 7000086b3000                 Options.file_checksum_gen_factory: Unknown
2022/06/15-22:14:43.902596 7000086b3000                 Options.best_efforts_recovery: 0
2022/06/15-22:14:43.902597 7000086b3000                Options.max_bgerror_resume_count: 2147483647
2022/06/15-22:14:43.902598 7000086b3000            Options.bgerror_resume_retry_interval: 1000000
2022/06/15-22:14:43.902598 7000086b3000             Options.allow_data_in_errors: 0
2022/06/15-22:14:43.902599 7000086b3000             Options.db_host_id: __hostname__
2022/06/15-22:14:43.902600 7000086b3000             Options.max_background_jobs: 2
2022/06/15-22:14:43.902601 7000086b3000             Options.max_background_compactions: -1
2022/06/15-22:14:43.902602 7000086b3000             Options.max_subcompactions: 1
2022/06/15-22:14:43.902603 7000086b3000             Options.avoid_flush_during_shutdown: 0
2022/06/15-22:14:43.902604 7000086b3000           Options.writable_file_max_buffer_size: 1048576
2022/06/15-22:14:43.902605 7000086b3000             Options.delayed_write_rate : 16777216
2022/06/15-22:14:43.902606 7000086b3000             Options.max_total_wal_size: 0
2022/06/15-22:14:43.902607 7000086b3000             Options.delete_obsolete_files_period_micros: 21600000000
2022/06/15-22:14:43.902608 7000086b3000                   Options.stats_dump_period_sec: 600
2022/06/15-22:14:43.902609 7000086b3000                 Options.stats_persist_period_sec: 600
2022/06/15-22:14:43.902610 7000086b3000                 Options.stats_history_buffer_size: 1048576
2022/06/15-22:14:43.902611 7000086b3000                          Options.max_open_files: -1
2022/06/15-22:14:43.902611 7000086b3000                          Options.bytes_per_sync: 0
2022/06/15-22:14:43.902612 7000086b3000                      Options.wal_bytes_per_sync: 0
2022/06/15-22:14:43.902613 7000086b3000                   Options.strict_bytes_per_sync: 0
2022/06/15-22:14:43.902614 7000086b3000       Options.compaction_readahead_size: 0
2022/06/15-22:14:43.902615 7000086b3000                  Options.max_background_flushes: -1
2022/06/15-22:14:43.902616 7000086b3000 Compression algorithms supported:
2022/06/15-22:14:43.902636 7000086b3000 	kZSTD supported: 1
2022/06/15-22:14:43.902638 7000086b3000 	kZlibCompression supported: 1
2022/06/15-22:14:43.902639 7000086b3000 	kXpressCompression supported: 0
2022/06/15-22:14:43.902640 7000086b3000 	kSnappyCompression supported: 1
2022/06/15-22:14:43.902642 7000086b3000 	kZSTDNotFinalCompression supported: 1
2022/06/15-22:14:43.902643 7000086b3000 	kLZ4HCCompression supported: 1
2022/06/15-22:14:43.902644 7000086b3000 	kLZ4Compression supported: 1
2022/06/15-22:14:43.902646 7000086b3000 	kBZip2Compression supported: 1
2022/06/15-22:14:43.902647 7000086b3000 Fast CRC32 supported: Not supported on x86
2022/06/15-22:14:43.903204 7000086b3000 [db/version_set.cc:4627] Recovering from manifest file: test_db/MANIFEST-000010
2022/06/15-22:14:43.903525 7000086b3000 [db/column_family.cc:598] --------------- Options for column family [default]:
2022/06/15-22:14:43.903532 7000086b3000               Options.comparator: leveldb.BytewiseComparator
2022/06/15-22:14:43.903536 7000086b3000           Options.merge_operator: None
2022/06/15-22:14:43.903537 7000086b3000        Options.compaction_filter: None
2022/06/15-22:14:43.903538 7000086b3000        Options.compaction_filter_factory: None
2022/06/15-22:14:43.903539 7000086b3000  Options.sst_partitioner_factory: None
2022/06/15-22:14:43.903540 7000086b3000         Options.memtable_factory: SkipListFactory
2022/06/15-22:14:43.903541 7000086b3000            Options.table_factory: BlockBasedTable
2022/06/15-22:14:43.903629 7000086b3000            table_factory options:   flush_block_policy_factory: FlushBlockBySizePolicyFactory (0x600002cb9530)
  cache_index_and_filter_blocks: 0
  cache_index_and_filter_blocks_with_high_priority: 1
  pin_l0_filter_and_index_blocks_in_cache: 0
  pin_top_level_index_and_filter: 1
  index_type: 0
  data_block_index_type: 0
  index_shortening: 1
  data_block_hash_table_util_ratio: 0.750000
  hash_index_allow_collision: 1
  checksum: 1
  no_block_cache: 0
  block_cache: 0x600001fbc478
  block_cache_name: LRUCache
  block_cache_options:
    capacity : 8388608
    num_shard_bits : 4
    strict_capacity_limit : 0
    memory_allocator : None
    high_pri_pool_ratio: 0.000
  block_cache_compressed: 0x0
  persistent_cache: 0x0
  block_size: 4096
  block_size_deviation: 10
  block_restart_interval: 16
  index_block_restart_interval: 1
  metadata_block_size: 4096
  partition_filters: 0
  use_delta_encoding: 1
  filter_policy: nullptr
  whole_key_filtering: 1
  verify_compression: 0
  read_amp_bytes_per_bit: 0
  format_version: 5
  enable_index_compression: 1
  block_align: 0
2022/06/15-22:14:43.903636 7000086b3000        Options.write_buffer_size: 67108864
2022/06/15-22:14:43.903637 7000086b3000  Options.max_write_buffer_number: 2
2022/06/15-22:14:43.903639 7000086b3000          Options.compression: Snappy
2022/06/15-22:14:43.903640 7000086b3000                  Options.bottommost_compression: Disabled
2022/06/15-22:14:43.903642 7000086b3000       Options.prefix_extractor: nullptr
2022/06/15-22:14:43.903643 7000086b3000   Options.memtable_insert_with_hint_prefix_extractor: nullptr
2022/06/15-22:14:43.903643 7000086b3000             Options.num_levels: 7
2022/06/15-22:14:43.903644 7000086b3000        Options.min_write_buffer_number_to_merge: 1
2022/06/15-22:14:43.903645 7000086b3000     Options.max_write_buffer_number_to_maintain: 0
2022/06/15-22:14:43.903646 7000086b3000     Options.max_write_buffer_size_to_maintain: 0
2022/06/15-22:14:43.903647 7000086b3000            Options.bottommost_compression_opts.window_bits: -14
2022/06/15-22:14:43.903652 7000086b3000                  Options.bottommost_compression_opts.level: 32767
2022/06/15-22:14:43.903653 7000086b3000               Options.bottommost_compression_opts.strategy: 0
2022/06/15-22:14:43.903654 7000086b3000         Options.bottommost_compression_opts.max_dict_bytes: 0
2022/06/15-22:14:43.903655 7000086b3000         Options.bottommost_compression_opts.zstd_max_train_bytes: 0
2022/06/15-22:14:43.903656 7000086b3000         Options.bottommost_compression_opts.parallel_threads: 1
2022/06/15-22:14:43.903700 7000086b3000                  Options.bottommost_compression_opts.enabled: false
2022/06/15-22:14:43.903701 7000086b3000         Options.bottommost_compression_opts.max_dict_buffer_bytes: 0
2022/06/15-22:14:43.903702 7000086b3000            Options.compression_opts.window_bits: -14
2022/06/15-22:14:43.903703 7000086b3000                  Options.compression_opts.level: 32767
2022/06/15-22:14:43.903704 7000086b3000               Options.compression_opts.strategy: 0
2022/06/15-22:14:43.903705 7000086b3000         Options.compression_opts.max_dict_bytes: 0
2022/06/15-22:14:43.903706 7000086b3000         Options.compression_opts.zstd_max_train_bytes: 0
2022/06/15-22:14:43.903707 7000086b3000         Options.compression_opts.parallel_threads: 1
2022/06/15-22:14:43.903708 7000086b3000                  Options.compression_opts.enabled: false
2022/06/15-22:14:43.903709 7000086b3000         Options.compression_opts.max_dict_buffer_bytes: 0
2022/06/15-22:14:43.903710 7000086b3000      Options.level0_file_num_compaction_trigger: 4
2022/06/15-22:14:43.903711 7000086b3000          Options.level0_slowdown_writes_trigger: 20
2022/06/15-22:14:43.903712 7000086b3000              Options.level0_stop_writes_trigger: 36
2022/06/15-22:14:43.903712 7000086b3000                   Options.target_file_size_base: 67108864
2022/06/15-22:14:43.903713 7000086b3000             Options.target_file_size_multiplier: 1
2022/06/15-22:14:43.903714 7000086b3000                Options.max_bytes_for_level_base: 268435456
2022/06/15-22:14:43.903715 7000086b3000 Options.level_compaction_dynamic_level_bytes: 0
2022/06/15-22:14:43.903716 7000086b3000          Options.max_bytes_for_level_multiplier: 10.000000
2022/06/15-22:14:43.903724 7000086b3000 Options.max_bytes_for_level_multiplier_addtl[0]: 1
2022/06/15-22:14:43.903726 7000086b3000 Options.max_bytes_for_level_multiplier_addtl[1]: 1
2022/06/15-22:14:43.903726 7000086b3000 Options.max_bytes_for_level_multiplier_addtl[2]: 1
2022/06/15-22:14:43.903727 7000086b3000 Options.max_bytes_for_level_multiplier_addtl[3]: 1
2022/06/15-22:14:43.903728 7000086b3000 Options.max_bytes_for_level_multiplier_addtl[4]: 1
2022/06/15-22:14:43.903729 7000086b3000 Options.max_bytes_for_level_multiplier_addtl[5]: 1
2022/06/15-22:14:43.903730 7000086b3000 Options.max_bytes_for_level_multiplier_addtl[6]: 1
2022/06/15-22:14:43.903731 7000086b3000       Options.max_sequential_skip_in_iterations: 8
2022/06/15-22:14:43.903732 7000086b3000                    Options.max_compaction_bytes: 1677721600
2022/06/15-22:14:43.903733 7000086b3000                        Options.arena_block_size: 8388608
2022/06/15-22:14:43.903734 7000086b3000   Options.soft_pending_compaction_bytes_limit: 68719476736
2022/06/15-22:14:43.903735 7000086b3000   Options.hard_pending_compaction_bytes_limit: 274877906944
2022/06/15-22:14:43.903736 7000086b3000       Options.rate_limit_delay_max_milliseconds: 100
2022/06/15-22:14:43.903736 7000086b3000                Options.disable_auto_compactions: 0
2022/06/15-22:14:43.903739 7000086b3000                        Options.compaction_style: kCompactionStyleLevel
2022/06/15-22:14:43.903743 7000086b3000                          Options.compaction_pri: kMinOverlappingRatio
2022/06/15-22:14:43.903744 7000086b3000 Options.compaction_options_universal.size_ratio: 1
2022/06/15-22:14:43.903745 7000086b3000 Options.compaction_options_universal.min_merge_width: 2
2022/06/15-22:14:43.903746 7000086b3000 Options.compaction_options_universal.max_merge_width: 4294967295
2022/06/15-22:14:43.903747 7000086b3000 Options.compaction_options_universal.max_size_amplification_percent: 200
2022/06/15-22:14:43.903748 7000086b3000 Options.compaction_options_universal.compression_size_percent: -1
2022/06/15-22:14:43.903750 7000086b3000 Options.compaction_options_universal.stop_style: kCompactionStopStyleTotalSize
2022/06/15-22:14:43.903751 7000086b3000 Options.compaction_options_fifo.max_table_files_size: 1073741824
2022/06/15-22:14:43.903752 7000086b3000 Options.compaction_options_fifo.allow_compaction: 0
2022/06/15-22:14:43.903803 7000086b3000                   Options.table_properties_collectors: 
2022/06/15-22:14:43.903805 7000086b3000                   Options.inplace_update_support: 0
2022/06/15-22:14:43.903806 7000086b3000                 Options.inplace_update_num_locks: 10000
2022/06/15-22:14:43.903807 7000086b3000               Options.memtable_prefix_bloom_size_ratio: 0.000000
2022/06/15-22:14:43.903808 7000086b3000               Options.memtable_whole_key_filtering: 0
2022/06/15-22:14:43.903809 7000086b3000   Options.memtable_huge_page_size: 0
2022/06/15-22:14:43.903810 7000086b3000                           Options.bloom_locality: 0
2022/06/15-22:14:43.903811 7000086b3000                    Options.max_successive_merges: 0
2022/06/15-22:14:43.903812 7000086b3000                Options.optimize_filters_for_hits: 0
2022/06/15-22:14:43.903813 7000086b3000                Options.paranoid_file_checks: 0
2022/06/15-22:14:43.903813 7000086b3000                Options.force_consistency_checks: 1
2022/06/15-22:14:43.903814 7000086b3000                Options.report_bg_io_stats: 0
2022/06/15-22:14:43.903815 7000086b3000                               Options.ttl: 2592000
2022/06/15-22:14:43.903816 7000086b3000          Options.periodic_compaction_seconds: 0
2022/06/15-22:14:43.903817 7000086b3000                    Options.enable_blob_files: false
2022/06/15-22:14:43.903818 7000086b3000                        Options.min_blob_size: 0
2022/06/15-22:14:43.903819 7000086b3000                       Options.blob_file_size: 268435456
2022/06/15-22:14:43.903820 7000086b3000                Options.blob_compression_type: NoCompression
2022/06/15-22:14:43.903821 7000086b3000       Options.enable_blob_garbage_collection: false
2022/06/15-22:14:43.903822 7000086b3000   Options.blob_garbage_collection_age_cutoff: 0.250000
2022/06/15-22:14:43.909974 7000086b3000 [db/version_set.cc:4675] Recovered from manifest file:test_db/MANIFEST-000010 succeeded,manifest_file_number is 10, next_file_number is 12, last_sequence is 4, log_number is 6,prev_log_number is 0,max_column_family is 0,min_log_number_to_keep is 0
2022/06/15-22:14:43.909984 7000086b3000 [db/version_set.cc:4684] Column family [default] (ID 0), log number is 6
2022/06/15-22:14:43.910688 7000086b3000 [db/version_set.cc:4119] Creating manifest 14
2022/06/15-22:14:43.912135 7000086b3000 EVENT_LOG_v1 {"time_micros": 1655320483912118, "job": 1, "event": "recovery_started", "wal_files": [11]}
2022/06/15-22:14:43.912147 7000086b3000 [db/db_impl/db_impl_open.cc:856] Recovering log #11 mode 2
2022/06/15-22:14:43.913939 7000086b3000 EVENT_LOG_v1 {"time_micros": 1655320483913895, "cf_name": "default", "job": 1, "event": "table_file_creation", "file_number": 15, "file_size": 1000, "file_checksum": "", "file_checksum_func_name": "Unknown", "table_properties": {"data_size": 72, "index_size": 53, "index_partitions": 0, "top_level_index_size": 0, "index_key_is_user_key": 1, "index_value_is_delta_encoded": 1, "filter_size": 0, "raw_key_size": 44, "raw_average_key_size": 44, "raw_value_size": 12, "raw_average_value_size": 12, "num_data_blocks": 1, "num_entries": 1, "num_deletions": 0, "num_merge_operands": 0, "num_range_deletions": 0, "format_version": 0, "fixed_key_len": 0, "filter_policy": "", "column_family_name": "default", "column_family_id": 0, "comparator": "leveldb.BytewiseComparator", "merge_operator": "nullptr", "prefix_extractor_name": "nullptr", "property_collectors": "[]", "compression": "Snappy", "compression_options": "window_bits=-14; level=32767; strategy=0; max_dict_bytes=0; zstd_max_train_bytes=0; enabled=0; max_dict_buffer_bytes=0; ", "creation_time": 1655320483, "oldest_key_time": 0, "file_creation_time": 0, "slow_compression_estimated_data_size": 0, "fast_compression_estimated_data_size": 0, "db_id": "16f83cd839edc066-84372b70169fd551", "db_session_id": "MWAG9VFUHKGSK7N6T20G"}}
2022/06/15-22:14:43.914103 7000086b3000 [db/version_set.cc:4119] Creating manifest 16
2022/06/15-22:14:43.917832 7000086b3000 EVENT_LOG_v1 {"time_micros": 1655320483917822, "job": 1, "event": "recovery_finished"}
2022/06/15-22:14:43.918817 7000086b3000 [file/delete_scheduler.cc:77] Deleted file test_db/000011.log immediately, rate_bytes_per_sec 0, total_trash_size 0 max_trash_db_ratio 0.250000
2022/06/15-22:14:43.924524 7000086b3000 [db/db_impl/db_impl_open.cc:1757] SstFileManager instance 0x7f8d19105410
2022/06/15-22:14:43.924686 7000086b3000 DB pointer 0x7f8d19808800
2022/06/15-22:14:43.926125 700009a57000 [db/db_impl/db_impl.cc:932] ------- DUMPING STATS -------
2022/06/15-22:14:43.926134 700009a57000 [db/db_impl/db_impl.cc:933] 
** DB Stats **
Uptime(secs): 0.0 total, 0.0 interval
Cumulative writes: 0 writes, 0 keys, 0 commit groups, 0.0 writes per commit group, ingest: 0.00 GB, 0.00 MB/s
Cumulative WAL: 0 writes, 0 syncs, 0.00 writes per sync, written: 0.00 GB, 0.00 MB/s
Cumulative stall: 00:00:0.000 H:M:S, 0.0 percent
Interval writes: 0 writes, 0 keys, 0 commit groups, 0.0 writes per commit group, ingest: 0.00 MB, 0.00 MB/s
Interval WAL: 0 writes, 0 syncs, 0.00 writes per sync, written: 0.00 MB, 0.00 MB/s
Interval stall: 00:00:0.000 H:M:S, 0.0 percent

** Compaction Stats [default] **
Level    Files   Size     Score Read(GB)  Rn(GB) Rnp1(GB) Write(GB) Wnew(GB) Moved(GB) W-Amp Rd(MB/s) Wr(MB/s) Comp(sec) CompMergeCPU(sec) Comp(cnt) Avg(sec) KeyIn KeyDrop Rblob(GB) Wblob(GB)
------------------------------------------------------------------------------------------------------------------------------------------------------------------------------------------------
  L0      2/0    2.07 KB   0.5      0.0     0.0      0.0       0.0      0.0       0.0   1.0      0.0      0.7      0.00              0.00         1    0.001       0      0       0.0       0.0
 Sum      2/0    2.07 KB   0.0      0.0     0.0      0.0       0.0      0.0       0.0   1.0      0.0      0.7      0.00              0.00         1    0.001       0      0       0.0       0.0
 Int      0/0    0.00 KB   0.0      0.0     0.0      0.0       0.0      0.0       0.0   1.0      0.0      0.7      0.00              0.00         1    0.001       0      0       0.0       0.0

** Compaction Stats [default] **
Priority    Files   Size     Score Read(GB)  Rn(GB) Rnp1(GB) Write(GB) Wnew(GB) Moved(GB) W-Amp Rd(MB/s) Wr(MB/s) Comp(sec) CompMergeCPU(sec) Comp(cnt) Avg(sec) KeyIn KeyDrop Rblob(GB) Wblob(GB)
---------------------------------------------------------------------------------------------------------------------------------------------------------------------------------------------------
User      0/0    0.00 KB   0.0      0.0     0.0      0.0       0.0      0.0       0.0   0.0      0.0      0.7      0.00              0.00         1    0.001       0      0       0.0       0.0

Blob file count: 0, total size: 0.0 GB

Uptime(secs): 0.0 total, 0.0 interval
Flush(GB): cumulative 0.000, interval 0.000
AddFile(GB): cumulative 0.000, interval 0.000
AddFile(Total Files): cumulative 0, interval 0
AddFile(L0 Files): cumulative 0, interval 0
AddFile(Keys): cumulative 0, interval 0
Cumulative compaction: 0.00 GB write, 0.04 MB/s write, 0.00 GB read, 0.00 MB/s read, 0.0 seconds
Interval compaction: 0.00 GB write, 0.04 MB/s write, 0.00 GB read, 0.00 MB/s read, 0.0 seconds
Stalls(count): 0 level0_slowdown, 0 level0_slowdown_with_compaction, 0 level0_numfiles, 0 level0_numfiles_with_compaction, 0 stop for pending_compaction_bytes, 0 slowdown for pending_compaction_bytes, 0 memtable_compaction, 0 memtable_slowdown, interval 0 total count

** File Read Latency Histogram By Level [default] **

** Compaction Stats [default] **
Level    Files   Size     Score Read(GB)  Rn(GB) Rnp1(GB) Write(GB) Wnew(GB) Moved(GB) W-Amp Rd(MB/s) Wr(MB/s) Comp(sec) CompMergeCPU(sec) Comp(cnt) Avg(sec) KeyIn KeyDrop Rblob(GB) Wblob(GB)
------------------------------------------------------------------------------------------------------------------------------------------------------------------------------------------------
  L0      2/0    2.07 KB   0.5      0.0     0.0      0.0       0.0      0.0       0.0   1.0      0.0      0.7      0.00              0.00         1    0.001       0      0       0.0       0.0
 Sum      2/0    2.07 KB   0.0      0.0     0.0      0.0       0.0      0.0       0.0   1.0      0.0      0.7      0.00              0.00         1    0.001       0      0       0.0       0.0
 Int      0/0    0.00 KB   0.0      0.0     0.0      0.0       0.0      0.0       0.0   0.0      0.0      0.0      0.00              0.00         0    0.000       0      0       0.0       0.0

** Compaction Stats [default] **
Priority    Files   Size     Score Read(GB)  Rn(GB) Rnp1(GB) Write(GB) Wnew(GB) Moved(GB) W-Amp Rd(MB/s) Wr(MB/s) Comp(sec) CompMergeCPU(sec) Comp(cnt) Avg(sec) KeyIn KeyDrop Rblob(GB) Wblob(GB)
---------------------------------------------------------------------------------------------------------------------------------------------------------------------------------------------------
User      0/0    0.00 KB   0.0      0.0     0.0      0.0       0.0      0.0       0.0   0.0      0.0      0.7      0.00              0.00         1    0.001       0      0       0.0       0.0

Blob file count: 0, total size: 0.0 GB

Uptime(secs): 0.0 total, 0.0 interval
Flush(GB): cumulative 0.000, interval 0.000
AddFile(GB): cumulative 0.000, interval 0.000
AddFile(Total Files): cumulative 0, interval 0
AddFile(L0 Files): cumulative 0, interval 0
AddFile(Keys): cumulative 0, interval 0
Cumulative compaction: 0.00 GB write, 0.04 MB/s write, 0.00 GB read, 0.00 MB/s read, 0.0 seconds
Interval compaction: 0.00 GB write, 0.00 MB/s write, 0.00 GB read, 0.00 MB/s read, 0.0 seconds
Stalls(count): 0 level0_slowdown, 0 level0_slowdown_with_compaction, 0 level0_numfiles, 0 level0_numfiles_with_compaction, 0 stop for pending_compaction_bytes, 0 slowdown for pending_compaction_bytes, 0 memtable_compaction, 0 memtable_slowdown, interval 0 total count

** File Read Latency Histogram By Level [default] **
